16.95
4.79
15.15
12.90
4.51
10.77
15.74
9.53
6.55
12.62
18.27
4.77
7.14
8.96
10.38
10.66
14.88
16.47
7.48
7.14
14.10
11.83
7.83
8.44
14.13
13.15
4.55
5.64
13.42
13.99
13.56
9.14
4.46
6.84
18.70
14.92
5.94
11.49
5.08
15.42
17.42
4.30
19.30
15.76
18.95
12.41
4.23
6.92
15.56
19.36
12.11
4.21
9.48
10.40
13.99
15.64
18.45
7.05
10.07
18.27
19.12
11.72
19.20
6.56
10.94
17.94
12.97
16.89
10.77
12.16
4.80
17.14
16.68
17.50
15.22
6.48
13.38
15.21
5.15
4.90
18.56
14.46
19.65
4.14
16.00
9.81
18.25
17.07
5.75
6.21
16.75
18.40
5.51
4.86
5.65
11.76
6.58
9.45
18.69
16.57
8.22
7.81
15.28
18.54
4.05
14.74
7.84
15.33
4.68
5.51
12.56
4.38
14.21
12.08
16.51
12.68
10.91
11.46
16.00
9.67
15.03
8.86
6.17
4.16
4.66
6.84
12.94
19.42
19.65
15.51
5.80
19.22
13.35
14.29
15.73
10.11
17.69
10.57
9.09
18.82
10.30
9.77
18.27
8.31
6.02
7.15
10.33
19.05
7.96
10.16
14.78
13.65
19.76
9.55
10.84
13.81
10.18
16.43
12.60
14.52
16.00
10.96
18.94
9.56
17.33
15.40
12.37
16.07
11.11
14.47
17.27
8.68
18.38
7.56
17.17
4.39
17.53
14.36
13.75
6.96
15.46
11.74
10.54
13.35
4.47
11.58
13.06
6.79
8.26
15.12
14.54
12.75
4.73
6.90
17.50
12.40
12.35
15.67
8.15
11.83
